#             eta             phi             dep             det  signalTSs   noiseTSs      DetId
               -1               1             -99          ZDC_EM    4,5         2,7       54000011
               -1               2             -99          ZDC_EM    4,5         2,7       54000012
               -1               3             -99          ZDC_EM    4,5         2,7       54000013
               -1               4             -99          ZDC_EM    4,5         2,7       54000014
               -1               5             -99          ZDC_EM    4,5         2,7       54000015
               -1               1             -99         ZDC_HAD    4,5         2,7       54000021
               -1               2             -99         ZDC_HAD    4,5         2,7       54000022
               -1               3             -99         ZDC_HAD    4,5         2,7       54000023
               -1               4             -99         ZDC_HAD    4,5         2,7       54000024
               -1               1             -99         ZDC_LUM    4,5         2,7       54000031
               -1               2             -99         ZDC_LUM    4,5         2,7       54000032
                1               1             -99          ZDC_EM    4,5         2,7       54000051
                1               2             -99          ZDC_EM    4,5         2,7       54000052
                1               3             -99          ZDC_EM    4,5         2,7       54000053
                1               4             -99          ZDC_EM    4,5         2,7       54000054
                1               5             -99          ZDC_EM    4,5         2,7       54000055
                1               1             -99         ZDC_HAD    4,5         2,7       54000061
                1               2             -99         ZDC_HAD    4,5         2,7       54000062
                1               3             -99         ZDC_HAD    4,5         2,7       54000063
                1               4             -99         ZDC_HAD    4,5         2,7       54000064
                1               1             -99         ZDC_LUM    4,5         2,7       54000071
                1               2             -99         ZDC_LUM    4,5         2,7       54000072